6.042859828703703533e+04 -1.662335219332743863e+00 4.869191339683273334e+00 -4.782848285041915552e-03 1.728051068434794693e-06
6.042926033564814861e+04 -1.256555126169127679e+00 3.269629899357124003e+00 -2.357453695839752811e-03 2.205262812635492899e-06
6.042940359953703592e+04 -1.722677586901142810e+00 4.892805244826277544e+00 -5.158830533647406312e-03 1.697135895271935799e-06
6.042923347222222219e+04 4.576939746876082182e+00 9.745070701947302627e-01 4.540585373743515280e-04 2.112408780803033367e-06
6.042999495370370278e+04 4.603810693483724285e-03 -1.244132183501520800e-01 -2.881467132237862123e-03 9.663154293338939576e-07
6.042860724537036731e+04 3.246903624151066259e-01 -6.999263154532898712e-01 -2.114640788365381482e-04 1.142401953318827281e-06
6.042868565972222132e+04 2.926439682200119297e-01 -2.986423506346218559e-01 -1.447887285797218922e-03 1.546202972453443097e-06
6.042862515046296176e+04 3.243661368661928890e+00 -8.843068497662126548e-01 2.799128885906779479e-03 2.199073477762199286e-06
6.042969461805555329e+04 -1.423622392915451007e+00 4.704755725023546553e+00 -3.434723615464744043e-03 2.027844010098742091e-06
6.042932302083333343e+04 3.142237764951115953e+00 -8.796028873696093431e-01 2.292147120400752757e-03 2.238048169456036750e-06
6.042968118055555533e+04 4.747212681928019151e+00 1.168821243741140492e+00 5.538870036490536929e-04 2.433467922833677327e-06
6.043054607638889138e+04 4.590907927108964337e+00 5.376541275176259793e-01 8.898674957591903856e-03 2.090837136142933409e-06
6.042993674768518395e+04 4.248407726612300372e+00 1.533256310310942561e-01 9.802991611526630164e-03 1.782531741497454115e-06
6.042986063657407067e+04 4.736707549802740225e+00 1.195772144380990110e+00 4.505530655435462518e-04 2.404456516648955815e-06
6.043052369212963094e+04 4.011679732587364100e+00 -6.260818324901725740e-01 8.380247827552722920e-03 1.963272350168151900e-06
6.042981586805555708e+04 2.748378079066338131e+00 3.048432423243160105e+00 -5.146858538256156475e-04 2.081531511682619571e-06
6.042884888888888963e+04 -2.373339348084991585e+00 4.698076660561737228e+00 2.850563602568930051e-04 1.892373950568866301e-06
6.042917527777778014e+04 -9.089777484134600183e-01 -7.611489826800402758e-01 -1.838439699597510003e-03 1.869203468485596487e-06
6.042865431712962891e+04 4.584494891933387883e+00 1.375250174367568023e+00 -1.220182244246169616e-04 2.317777410137842404e-06
6.043046548611111211e+04 -1.890342889234938761e+00 4.935477995359307535e+00 -6.415422797645599362e-03 1.676272115155101166e-06
6.042920214120370656e+04 4.401157920577603022e+00 1.533942599015693631e+00 1.060815902951132983e-02 1.867055444477848377e-06
6.043027744212962716e+04 -1.233152927264813847e+00 3.048435353732160902e+00 -2.159247451885845138e-03 2.033272419008525898e-06
6.042945284722222277e+04 2.741691495271191936e+00 -9.243053330832320391e-01 1.148770094222468716e-03 2.015847228771214649e-06
6.042961402777778130e+04 4.395665274966095382e+00 1.474807407661876013e+00 1.040911435937943476e-02 1.882390414201744113e-06
6.043027296296296117e+04 -1.362712394919977088e+00 4.654395326099727725e+00 -3.122399722704079401e-03 2.066723586879917577e-06
6.042933196759259590e+04 4.401360973121014375e+00 3.088366572972662816e-01 9.715525767152160402e-03 1.753856719869317397e-06
6.042988749999999709e+04 4.441279612495928397e+00 3.330121349739254000e-01 9.816245874375413571e-03 1.895053405760271927e-06
6.042989197916666308e+04 -2.723152661198738667e+00 -8.086099787573027831e-01 -1.140319967912711233e-03 2.016366670907385196e-06
6.042863858796295972e+04 -1.249431102714257058e+00 3.534944957989030190e+00 -2.437126918991593290e-03 2.179017632544628870e-06
6.042935435185184906e+04 4.806927337370132669e+00 1.201001751155685415e+00 7.231799053260003739e-04 2.509153929857782328e-06
6.043050130787037051e+04 2.834909359287019370e+00 -9.286211517689774153e-01 1.467266510625652061e-03 2.149276842136564970e-06
6.042962298611111328e+04 -1.772783381174961370e+00 4.915058952947659598e+00 -5.312682219840956198e-03 1.754228880388042965e-06
6.042921108796296176e+04 4.556830019788492336e+00 4.788332840632550935e-01 9.333110707091068353e-03 2.002062220349853434e-06
6.042992331018518598e+04 3.821597953056836250e+00 8.708771379771934606e-01 6.162930787095813497e-03 2.375298541911163555e-06
6.043060427083333343e+04 4.870685898294790483e+00 1.073938669450930528e+00 1.456689739118653378e-03 7.571915435652491145e-06
6.043051473379629897e+04 3.584790492233381531e+00 -8.273843320300513504e-01 4.860935847983982767e-03 2.123324286843498987e-06
6.042974870370370627e+04 3.846285306665070625e+00 -6.907354417449215189e-01 6.588390117583577815e-03 2.178048618852267308e-06
6.042980243055555911e+04 5.327620240836652421e+00 1.493888597414901431e+00 -1.143284709442849746e-02 5.174091806838616094e-05
6.043020133101852116e+04 4.511221872721375981e+00 1.509781666956172552e+00 -7.091688405993245604e-04 2.250389039154695564e-06
6.043042071759259125e+04 5.017836378351459459e+00 1.409014628945049807e+00 1.626177912860716406e-03 2.607937627154157309e-06
6.043016508101851650e+04 -1.155620563939030010e+00 2.967846311287096306e+00 -1.407798942003748478e-03 2.335597849359868150e-06
6.042948866898148117e+04 2.924695458959071015e+00 -8.837231763589769029e-01 1.664830813227394235e-03 2.206910082157879252e-06
6.042964537037037371e+04 4.982245666665210848e+00 1.397231295928565542e+00 1.504299156930795139e-03 2.576377008129189086e-06
6.043015165509259532e+04 4.198395234639130003e+00 1.087962038005790832e-01 9.700038807807299587e-03 1.853988781331815858e-06
6.042985167824073869e+04 -1.607085619414447164e+00 4.847859059847030139e+00 -4.420763945363280142e-03 1.820159070721071660e-06
6.042927825231481256e+04 4.447778847318063278e+00 2.084869290756898863e+00 9.779982738318185667e-03 1.967213801926139864e-06
6.043031773148148204e+04 4.740442137135179479e+00 1.219484131750123712e+00 4.199366171371571180e-04 2.271887367291520181e-06
6.043006658564815007e+04 -2.373184077416828242e+00 4.972173484944675259e+00 -9.547847495800407605e-03 1.685381949103807326e-06
6.042917975694444613e+04 -2.007943979177770455e+00 4.959678922123121225e+00 -7.405927710058385002e-03 1.667189747273435865e-06
6.042919318287036731e+04 4.469240957328961983e+00 1.575244743552182136e+00 -8.434058632705615684e-04 2.109322299300841929e-06
6.043040280092592729e+04 -3.657446016688459256e+00 4.989751040461919196e+00 -4.552813668941686938e-03 1.913054813617304731e-06
6.042916184027777490e+04 4.369651311824926054e+00 1.346792675870641665e+00 9.847929723307540656e-03 1.983944475339865455e-06
6.043025953703703999e+04 2.963284145983541951e+00 -8.698832028117176041e-01 1.694609932976885768e-03 2.277717988463506432e-06
6.042965431712962891e+04 1.679473914388752931e+00 -1.113658166267453176e+00 5.856342813166684654e-03 1.636343384425005922e-06
6.042959164351852087e+04 -1.157243734002507018e+00 2.968973413458510624e+00 -1.786240806153328907e-03 2.069869462342570457e-06
6.042949762731481314e+04 4.457694383083686596e+00 1.561475856250991612e+00 -1.472591450158130481e-03 2.270178348820815272e-06
6.043039832175926131e+04 4.286046982927387283e+00 2.052535022613519444e-01 9.789624633233033960e-03 1.567539391406306121e-06
6.042986958333333314e+04 1.404439859272086366e-01 -2.214512876811669528e-01 -1.752591922234509637e-03 1.013805823372432961e-06
6.042861620370370656e+04 4.560266936912519498e+00 1.433834229552668260e+00 -2.947645220326088576e-04 2.292755660506760732e-06
6.043044310185185168e+04 -1.509088083991686924e+00 4.765449340224947150e+00 -3.921896372898810157e-03 1.920955532101658309e-06
6.042930510416666948e+04 4.375438630299108844e+00 2.642577640422709706e-01 9.854932550834187566e-03 1.764174523216939957e-06
6.042987854166666511e+04 2.989319101317070793e+00 1.029261964089166481e+00 1.640506206028860981e-03 2.423276581781272079e-06
6.043057740740740701e+04 4.540803530077257122e+00 1.474651409970120897e+00 -7.501211991816188673e-04 2.284693098800037939e-06
6.043043414351851970e+04 4.464160014410484933e+00 2.065325125588275412e+00 9.740354104701504090e-03 2.005611975052474368e-06
6.043033116898148000e+04 1.050477080174625932e+00 5.133308431870168498e+00 2.361333997829727284e-04 2.188099066761989211e-06
6.042910120370370714e+04 4.771018338105148082e+00 1.232783647025283313e+00 4.820059072521208458e-04 2.427164647666254946e-06
6.043050578703703650e+04 -1.249648759988757574e+00 3.559890299137748126e+00 -2.435981930955372510e-03 2.170444246178873237e-06
6.042934988425925985e+04 -1.287359131016913238e+00 4.581204214814361464e+00 -2.257970996626861970e-03 2.481382752131944207e-06
6.042934092592592788e+04 4.475528643196163614e+00 3.581201908700090142e-01 9.807572925536576711e-03 1.947664398153119658e-06
6.042989644675925956e+04 -1.697784838523189510e+00 4.880704383369577570e+00 -4.947580568289256832e-03 1.718271617907826179e-06
6.042924243055555417e+04 -3.017678220673102096e+00 4.774110617514946142e+00 -1.547574378598988443e-03 2.412876984933659174e-06
6.042916631944444089e+04 4.696682791685289793e+00 1.239913629978868892e+00 6.329051436779290505e-04 2.456482267104003207e-06
6.043051921296296496e+04 4.544456381391678512e+00 2.034844434325695062e+00 9.752475616025929953e-03 2.114358519905272831e-06
6.043036251157407241e+04 -1.545244084996551637e+00 4.803267389263353060e+00 -4.194981931389196207e-03 1.878979970490689897e-06
6.042929167824074102e+04 3.612655321783647455e+00 -8.540146877469062536e-01 4.918809731499672148e-03 2.014400517407736470e-06
6.042974422453704028e+04 4.589236493445797649e+00 5.803708786666091912e-01 8.632616731643618160e-03 2.041762833318191149e-06
6.042994570601851592e+04 4.905930132427515744e+00 1.335782622800634867e+00 1.167302052939600673e-03 2.560251219521209489e-06
6.043012479166666890e+04 -5.709872030955041172e-02 -8.491801438996755547e-01 2.017709527823609381e-03 1.013256150819185329e-06
6.042867222222222335e+04 -1.288960277616568062e+00 4.544208844708987449e+00 -2.614475768122558400e-03 2.150882366111897083e-06
6.042934540509259386e+04 2.908817253924784296e+00 -9.075641392323856582e-01 1.603826805096820194e-03 2.180088528897377187e-06
6.042963641203703446e+04 3.035426845875213164e+00 -8.588936062221299572e-01 1.816331425388656613e-03 2.231747219129785386e-06
6.042966775462962687e+04 4.550079026572910301e+00 9.637963477623727737e-01 4.128393905667283956e-05 2.110535737696481198e-06
6.042998599537037080e+04 -2.573546371655672349e+00 -3.504765699138078228e-01 -1.099427942928705645e-02 3.822269115781940017e-05
6.042863410879629373e+04 7.458486913807298446e-01 -7.405959760544161830e-01 8.377539492253201995e-04 1.762779351198765004e-06
6.042870379629629315e+04 -1.261599788934562483e+00 3.051837069623164034e+00 -2.532114051180867076e-03 2.124036447851963614e-06
6.042945732638888876e+04 3.913324555524209991e+00 9.015586689597872017e-01 6.774272267035540834e-03 2.214015401412034269e-06
6.043062666666666337e+04 4.772659343257759090e+00 1.220481329871274889e+00 5.149390070292848799e-04 2.333027577866051721e-06
6.043007106481481605e+04 4.092835800248876055e+00 1.277022285809712887e+00 8.123182128261557250e-03 1.685854351674143073e-06
6.043023267361111357e+04 4.035766713886084212e+00 -6.116215675164059506e-01 8.717171787883946574e-03 2.036301662389427404e-06
6.042982034722222306e+04 4.222928119300818572e+00 1.205127249045066656e-01 9.691399825704667681e-03 1.769381324365350262e-06
6.042985615740740468e+04 4.729658259269522880e+00 1.199953192235672317e+00 2.193849274605154365e-04 2.318406908942088864e-06
6.043006210648148408e+04 -1.271243980781983529e+00 3.381790502028075629e+00 -2.727522293063384343e-03 2.046720748705551035e-06
6.042938569444444147e+04 4.799411116814888523e+00 1.236771558161371853e+00 5.920763502887429726e-04 2.446925081454834728e-06
6.043049682870370452e+04 4.586838670729454392e+00 5.531299128039572910e-01 8.745288285423076166e-03 2.060918440155846029e-06
6.042994122685184993e+04 3.364033334920248475e+00 -8.841923858549690651e-01 3.491592842092862414e-03 2.173405638020984113e-06
6.042971252314814774e+04 3.079547628628939826e+00 -4.758058644749342814e-01 2.208707094430490195e-03 2.343436492660799736e-06
6.042952447916667006e+04 4.492355297513774381e+00 8.624270571920097384e-01 4.255995777875519362e-04 2.011140968202880973e-06
6.042995913194444438e+04 4.478118930028690770e+00 2.081185873422399357e+00 9.631311994209622654e-03 1.958434165050367453e-06
6.043033564814814599e+04 3.679303646574381137e+00 1.260626242199228919e+00 5.055975877914261132e-03 1.865633226977963290e-06
6.043021923611110833e+04 -1.257025969664750553e+00 3.465944179809019587e+00 -2.497056141152734568e-03 2.099171299991357114e-06
6.042936778935185430e+04 0.000000000000000000e+00 0.000000000000000000e+00 0.000000000000000000e+00 0.000000000000000000e+00
6.042859828703703533e+04 -1.218624602016227465e+00 -7.046786734826233634e-01 -3.022372085035954573e-03 1.897829911742042832e-06
6.042864983796296292e+04 4.600599432936287592e+00 1.462545946912042760e+00 1.018949300599016235e-02 2.161703170751598856e-06
6.043036699074073840e+04 -1.241631603874005174e+00 3.019967071384396906e+00 -2.231413032960175187e-03 1.983369312273769940e-06
6.042947076388888672e+04 3.714553034252439101e+00 -7.708519534427598074e-01 5.654725408667964255e-03 1.883048966959169917e-06
6.042977556712963269e+04 4.614758535377704085e+00 1.324190517903077291e+00 6.426771414555462237e-05 2.257910437243593623e-06
6.043048787037037255e+04 4.863597442949974869e+00 1.297194205419924584e+00 1.096172118249788292e-03 2.480641742325726126e-06
6.043010687499999767e+04 4.391547912589374825e+00 1.405814582329767415e+00 1.017149694406655445e-02 1.998567698459298265e-06
6.043026848379629519e+04 4.736781954359609692e+00 1.159601837570491512e+00 6.734154032358140047e-05 2.604523000103384403e-06
6.043056398148147855e+04 2.985093747350045845e+00 -8.614156039991783809e-01 1.222220376741527939e-03 2.407192563611122655e-06
6.042965879629629490e+04 4.496795915414696587e+00 4.121863877616511740e-01 9.693005420938842140e-03 1.869507464135982274e-06
6.042990988425925752e+04 2.795107144426459467e+00 1.308570403805375149e+00 5.082647679063211294e-04 2.257345528161400809e-06
6.043020581018518715e+04 3.949910573314280970e+00 1.250091127195372298e+00 6.924090748769123893e-03 1.759835151149501527e-06
6.043022819444444758e+04 -1.294226831291582780e+00 3.246243420196822882e+00 -2.763904627401234451e-03 1.986968878306899271e-06
6.042941255787036789e+04 -1.163166293170325716e+00 2.973346492625181359e+00 -1.840919025338527389e-03 2.039440194541068784e-06
6.042949314814814716e+04 5.040975660107742229e+00 1.448100172196745694e+00 1.751154511469804652e-03 2.699180592146611487e-06
6.043017403935184848e+04 -1.279415821805713227e+00 3.325102385943543126e+00 -2.613442547578789278e-03 2.049934798371331489e-06
6.042939465277778072e+04 4.135615632288277332e+00 2.605364433399453075e-02 9.383340159363521074e-03 1.716896978868774878e-06
6.042984273148148350e+04 3.481711294034738113e+00 -6.679282765685405909e-01 4.434299710204266110e-03 1.939691621333245874e-06
6.042956478009259445e+04 1.849961958026755671e-01 -6.999965281334857847e-01 -1.213732400950446591e-03 1.095872502779175393e-06
6.042868118055555533e+04 -1.673305774086922604e+00 4.872189980204225890e+00 -4.827578894012092559e-03 1.728131543876699207e-06
6.042925586805555213e+04 3.910866522172522064e+00 -6.716803675490761183e-01 7.376399931753127408e-03 1.956860398631943729e-06
6.042980690972222510e+04 -1.318106088283666377e+00 4.616106629804585637e+00 -2.715835398299627432e-03 2.150455982613424421e-06
6.042933644675926189e+04 3.914919134333811890e+00 9.322888309233794413e-01 6.644145899259396720e-03 2.234763970640580243e-06
6.043063561342592584e+04 4.490436932970345296e+00 1.526557961052589008e+00 -7.578149065905279017e-04 2.260280916152458309e-06
6.043041175925925927e+04 2.629311923100662085e+00 -8.962007778753939835e-01 5.624700414025317124e-04 1.962951538652089431e-06
6.042960954861110804e+04 4.652142591141200434e+00 1.042129196367912902e+00 5.400453703364748760e-04 2.191228947188234391e-06
6.043001733796296321e+04 4.387827184609843556e+00 2.873196470629073018e-01 9.735236630711827793e-03 1.824557276256110463e-06
6.042988302083333110e+04 -3.464913406657763040e-02 -3.719534963064484445e-02 -2.920456109885920769e-03 8.796836253382431460e-07
6.042860276620370132e+04 1.164333327810321617e+00 4.858938464036350879e+00 2.442770145857675905e-04 4.039972574240863246e-06
6.042915289351851970e+04 3.155290345423860998e+00 9.412247951095753518e-01 2.391992702156071904e-03 2.460152251764660558e-06
6.043058188657407300e+04 3.622442841102394784e+00 -8.173673018789997524e-01 5.031717543074013498e-03 2.036602241668184576e-06
6.042975318287037226e+04 3.210171326152855276e+00 -5.492618748874865675e-01 2.961830584430455784e-03 2.170135456174252528e-06
6.042953343750000204e+04 -1.257297082748064954e+00 3.528815975124151905e+00 -2.593890830452154697e-03 2.132667428132190012e-06
6.042935883101851505e+04 4.804646875161578734e+00 1.274394053222329459e+00 2.292362757956242520e-04 2.438617274403930974e-06
6.043008896990741050e+04 3.697909517288310521e+00 -7.977996742525450546e-01 5.466558633309245158e-03 1.888184296374893372e-06
6.042976660879629344e+04 3.753934099892809684e+00 -7.255504374824917058e-01 5.967324401746094270e-03 2.109995704224509261e-06
6.042978900462963065e+04 4.476135192721531375e+00 1.558499518553659646e+00 -8.912314150365497570e-04 2.155390087014243578e-06
6.043040728009259328e+04 4.135295894093638402e+00 -9.735194703403809990e-03 9.486793216719836830e-03 1.817860706233710757e-06
6.042983825231481751e+04 -1.535593431875333481e+00 4.784202704851455934e+00 -3.944421372327052040e-03 1.894427581125192545e-06
6.042930063657407300e+04 2.593330421029747423e+00 -1.126312792877792290e+00 8.882875299674720948e-03 1.798817067563507738e-06
6.042960506944444205e+04 4.534803260042189699e+00 1.436329915413742331e+00 -8.804593054696477263e-04 2.153349392375512377e-06
6.043045652777778014e+04 4.338402330378243299e+00 1.358467448351448281e+00 9.808423166981021166e-03 1.849054885206890910e-06
6.043025505787037400e+04 -1.273500252219139872e+00 3.355943829182875149e+00 -2.744173727596060149e-03 2.069508505317431192e-06
6.042939017361111473e+04 4.502181380430084090e+00 3.959591002943315674e-01 9.798330589255938375e-03 1.924134405622947525e-06
6.042990540509259154e+04 3.748315583078377422e+00 -7.257055350548038408e-01 5.601992163532710893e-03 2.085760078325855509e-06
6.042978452546296467e+04 4.455464323832425855e+00 1.585523109946029852e+00 -1.033875110051439171e-03 2.250291805356381170e-06
6.043038937499999884e+04 4.755111230802749667e+00 1.157713306363518546e+00 4.059522751338922372e-04 2.538219179081819055e-06
6.043054159722222539e+04 4.543426812249653501e+00 9.246363156247818793e-01 4.591212801795956132e-04 2.110722499413947069e-06
6.042998151620370481e+04 2.949154275033837536e+00 -8.858768279312763116e-01 1.709384858109160325e-03 2.194189443800027304e-06
6.042964983796296292e+04 4.169267051054977635e+00 8.061722835281306954e-02 9.368174607960610620e-03 1.756396648286825203e-06
6.042984719907407271e+04 4.913898946294002812e+00 1.310740441179277127e+00 9.959282615889660743e-04 2.864167418731258586e-06
6.043012031250000291e+04 4.671786994829784767e+00 1.080842404445763183e+00 -1.980113554837331332e-04 2.295403840170165988e-06
6.043003076388889167e+04 -1.696873649324363242e+00 4.872319796649497547e+00 -4.986606207588365966e-03 1.696106221853084960e-06
6.042925138888888614e+04 8.305966110652784895e-01 -7.395107707009275222e-01 8.347091304969595860e-04 1.871989544886399237e-06
6.042870827546296641e+04 4.412730799521907166e+00 1.969948981816298739e+00 1.014187604184434849e-02 1.935853220896510783e-06
6.043028640046296641e+04 4.432221118940362636e+00 2.073979096751767948e+00 9.592318951368571447e-03 1.905075901610876896e-06
6.043030878472221957e+04 -1.232568098440921300e+00 3.070153633297041385e+00 -2.156288855995225351e-03 2.023108625825423023e-06
6.042944837962962629e+04 4.565286001788147807e+00 2.028002505079517626e+00 9.776070273392460999e-03 2.124661944973035218e-06
6.043037593750000087e+04 4.405900033659039039e+00 2.006112870687928762e+00 9.632974386768940536e-03 1.799220267779959799e-06
6.043029534722222161e+04 4.573348835276679125e+00 1.416343863422529381e+00 -1.431854021690833736e-04 2.271120034368717030e-06
6.043045204861111415e+04 4.580806142507768186e+00 6.266785923039525086e-01 8.092754024200154647e-03 1.931115576522752514e-06
6.042995018518518191e+04 4.713201700153764051e+00 1.185525581573584120e+00 3.983286871387636797e-04 2.276865019592858281e-06
6.043005762731481809e+04 3.100943871197952006e+00 -8.669875391437440459e-01 1.987527054240080526e-03 2.231221634594127797e-06
6.042967670138888934e+04 -1.705348488855068290e+00 -5.728897041341103336e-01 -5.240294705634738516e-03 1.658458333340045007e-06
6.042864535879629693e+04 -1.929864312255239467e+00 4.935384696019458950e+00 -6.516943891836559331e-03 1.670796121931135659e-06
6.042919766203704057e+04 -1.286557473887689707e+00 3.304456770298278556e+00 -2.757867932392351045e-03 2.047193315430221650e-06
6.042939913194444671e+04 2.980340886135157685e+00 4.217410172325742890e-01 1.693519721281330119e-03 2.482064625405539709e-06
6.042951553240740759e+04 4.737379873888709625e+00 1.174592307350754705e+00 7.072732139226320120e-04 2.408109253944990903e-06
6.043052817129629693e+04 4.861754299967789628e+00 1.309052138134490173e+00 1.062728328622794538e-03 2.514931138876390190e-06
6.043011135416666366e+04 -1.735850894148288415e+00 4.885170254258397016e+00 -5.237195417265466148e-03 1.662818340167704712e-06
6.042922452546295972e+04 -1.302773854762519834e+00 3.098079564968951871e+00 -2.659419285576941107e-03 1.946243074462389644e-06
6.042944390046296030e+04 -1.205624535559888910e+00 2.990280443308495073e+00 -2.092011858514765746e-03 2.032232283661881819e-06
6.042948418981481518e+04 4.814099754085946259e+00 1.275469327309428191e+00 7.243311755099460280e-04 2.342200851344607320e-06
6.043009344907407649e+04 3.156427468698574046e+00 1.184758968130499746e+00 2.113493235268348782e-03 2.335983257122690069e-06
6.043021028935185313e+04 4.596048249747124892e+00 9.426874626798787959e-01 6.172391193831202553e-04 2.202550675544093519e-06
6.042999047453703679e+04 -1.744785466316874256e+00 4.927508798191413852e+00 -5.190528813742070931e-03 1.789890512887923992e-06
6.042921556712962774e+04 3.681709656342285975e+00 -7.714944095487704656e-01 5.349017565128569990e-03 2.031055363243495176e-06
6.042977108796295943e+04 1.670638195642264234e+00 -1.122871537939073683e+00 5.451718162173877121e-03 4.003706698330782289e-06
6.042958716435185488e+04 4.437497983545039659e+00 2.059732739048764749e+00 9.746307659675122748e-03 1.924434797802861097e-06
6.043030430555555358e+04 -1.696552164163616094e+00 4.884225373058914244e+00 -4.907687042853696273e-03 1.728727417071859836e-06
6.042924690972222015e+04 2.163251395406286526e-01 -2.490532702347783567e-01 -1.444104098647426906e-03 1.104688249500331802e-06
6.042862067129629577e+04 4.508795976108354253e+00 2.052458656906188672e+00 9.648156298949370213e-03 1.912205199640902394e-06
6.043035355324074044e+04 4.947853950571837522e+00 1.378787800653923590e+00 1.233800191184638824e-03 2.593419461765961090e-06
6.043014269675925607e+04 4.426853820584314647e+00 2.086877435002768788e+00 9.710618771358654755e-03 2.008911447952361139e-06
6.043031325231481605e+04 4.602215749773160169e+00 1.495150842214355347e+00 9.904091311046355622e-03 2.134688469008857917e-06
6.043037145833333489e+04 -1.127613883527654126e+00 2.953809993576602011e+00 -1.774839564758869722e-03 2.019762256739251823e-06
6.042950657407407562e+04 4.509585637982299389e+00 2.048846324550320563e+00 1.050776785756004673e-02 2.062085744034261719e-06
6.043034459490740846e+04 4.814005529513970316e+00 1.243213020800163937e+00 7.512976205429957319e-04 2.388568364248587125e-06
6.043008449074073724e+04 4.852887767517735540e+00 1.280076911803847972e+00 1.073851879594330113e-03 2.481317630721393469e-06
6.043010240740740846e+04 4.614222417139331789e+00 1.336950484262939165e+00 -1.115954409484694032e-05 2.264627721049702585e-06
6.043048339120370656e+04 3.263364602443972196e+00 -6.066811809073355821e-01 3.217042818079865387e-03 2.128213478078933929e-06
6.042954239583333401e+04 4.650694059615320342e+00 1.024116783230654359e+00 4.751915818937723409e-04 2.199777031153619058e-06
6.043001285879629722e+04 3.915111091051174608e+00 8.832035211828969112e-01 6.758669616548475603e-03 2.221874270097182956e-06
6.043062218749999738e+04 4.749157318676018313e+00 1.165511566752616579e+00 4.912267304585896544e-04 2.467334784580523396e-06
6.043053711805555213e+04 -1.256743704381368509e+00 3.030021067425979098e+00 -2.379714821673250928e-03 1.976193470795203058e-06
6.042946628472222073e+04 2.816792363790723286e+00 -9.353244823506967620e-01 1.433831574169880472e-03 2.114195930293024562e-06
6.042961850694444729e+04 4.747481148330341405e+00 1.170911958387688578e+00 4.106050192205886384e-04 2.444387517782719621e-06
6.043055055555555737e+04 -3.906529845120645938e-02 2.487592457130674006e+00 4.437838015864281616e-03 2.310315287619344781e-06
6.042951105324074160e+04 4.595262892728986692e+00 1.352762107113612888e+00 -4.599807649328089589e-05 2.299924038291380976e-06
6.043047444444444409e+04 -2.171435052524995246e+00 4.984624984405868098e+00 -8.869546336821538396e-03 1.661939649737835645e-06
6.042918870370370132e+04 3.443749370058000636e+00 -6.931182063025047579e-01 4.091750177244275581e-03 2.042416288050016795e-06
6.042956030092592846e+04 4.615848964142815092e+00 1.388874537280198718e+00 9.163797643253455277e-03 2.247030486973423485e-06
6.043038489583333285e+04 3.940765659747488048e+00 9.231766910925227609e-01 6.868125010811723143e-03 2.040141787129327346e-06
6.043063113425925985e+04 4.703846868913895030e+00 1.162275241969966899e+00 5.842272426018140603e-04 2.269324333701627979e-06
6.043005314814814483e+04 4.980649947634396391e+00 1.410887898751382208e+00 1.349775926142899240e-03 2.650307071621281074e-06
6.043015612268518453e+04 4.547350143240631581e+00 5.034737115442418087e-01 9.122305162976592982e-03 1.906366427160987028e-06
6.042992778935185197e+04 4.966015663980877015e+00 1.389300967525730846e+00 1.259778083737402238e-03 2.624685744953214456e-06
6.043014717592592933e+04 3.074059528734702784e+00 -8.777472756693006639e-01 2.067445232579202645e-03 2.321906670881567336e-06
6.042967223379629286e+04 5.521087794804281579e+00 8.697442196339152387e-01 2.853212103399390548e-03 7.839769640116446569e-06
6.043057293981481780e+04 -1.229337918533998097e+00 3.007806453776469269e+00 -2.057391951237263865e-03 2.003347232817478452e-06
6.042947523148148321e+04 4.530269995098357150e+00 1.489911094467107455e+00 -6.637842255118217268e-04 2.232508013175095649e-06
6.043042966435185372e+04 4.179837656151719649e+00 1.321184260422482604e+00 8.608636461973731210e-03 1.602517736371325981e-06
6.043023714120370278e+04 3.507015444829459483e+00 -8.689268976340460693e-01 4.337556540132008788e-03 2.088898907541304428e-06
6.042973042824074219e+04 4.602339206663461191e+00 1.443131568341785131e+00 9.900745405846459596e-03 2.108457777084034408e-06
6.043038041666666686e+04 5.007873524041570157e+00 1.419226619853916294e+00 1.589835138706467482e-03 2.605564257042617540e-06
6.043016060185185052e+04 4.447645473302973329e+00 1.591755367011582489e+00 -9.778950209917813396e-04 2.138662209090137415e-06
6.043039384259259532e+04 3.887648022340850940e+00 8.721007013721319145e-01 6.505174675740163330e-03 2.106788373172543955e-06
6.043061322916666541e+04 4.364796665357170369e+00 1.391757737245321147e+00 1.016708609563540464e-02 1.850665524269466383e-06
6.043026401620370598e+04 3.023584439635269572e+00 -8.770270984619762400e-01 1.979927669742361646e-03 2.356431497492098841e-06
6.042966327546296088e+04 4.505425831393186087e+00 2.073213258472364373e+00 9.662574774347362436e-03 2.211217242177026258e-06
6.043034012731481198e+04 3.949974149789159839e+00 9.346254229171181427e-01 6.988274802453994794e-03 2.152741159973997747e-06
6.043064009259259183e+04 -1.645513835685199933e+00 4.873712910087608208e+00 -4.500581250906184744e-03 1.795725479711429125e-06
6.042926481481481460e+04 -1.489817682170420543e+00 4.746180770119064363e+00 -3.765306912053561529e-03 1.949358732449589140e-06
6.042931406250000146e+04 4.749066143836132348e+00 1.257047235621350456e+00 4.336680215614636697e-04 2.419500943794356828e-06
6.043049234953703854e+04 3.778781133432565387e+00 8.828366271914298569e-01 5.878482993810080215e-03 2.139589483304463757e-06
6.043059980324074422e+04 4.931508256731180317e+00 1.338919093825256201e+00 1.307227293501194484e-03 2.534886348807258924e-06
6.043012925925925811e+04 3.278270137339924784e+00 -8.803293354421800609e-01 3.066814630999766499e-03 2.298629054174440552e-06
6.042969908564814978e+04 4.740523339152299620e+00 1.167178669364328902e+00 2.947499278631419170e-04 2.511486010767848790e-06
6.043053263888888614e+04 -4.640905981313748763e-01 -8.364579345964761048e-01 2.515438198115027874e-06 1.359143699802703959e-06
6.042866327546296088e+04 4.409260295018581743e+00 2.037444208039083549e+00 9.481556167982399183e-03 1.784505954990579856e-06
6.043029982638888760e+04 4.746350095057916718e+00 1.159942771761615976e+00 4.368418366261659562e-04 2.530512457127665585e-06
6.043055503472222335e+04 6.823902394924963311e-02 -1.922010526924547991e-01 -2.288855176326694361e-03 1.001566237932688833e-06
6.042861172453704057e+04 4.491458591100267128e+00 8.758346339729478069e-01 3.657167948755672563e-04 2.020671775797352541e-06
6.042996361111111037e+04 -1.509253695159150643e+00 4.758928670604536393e+00 -4.027689747919434814e-03 1.911935839528584082e-06
6.042930958333333547e+04 4.565093517089874986e+00 5.279281107019854202e-01 8.894835955257866106e-03 1.975810973864434913e-06
6.042993226851851796e+04 2.907904108054539805e+00 -9.196577935573713170e-01 1.681431990150340349e-03 2.312621712160194770e-06
6.042963193287036847e+04 5.058271694387982187e+00 2.323452687667322714e+00 2.160981648113903877e-03 2.634882181829619661e-06
6.043018298611111095e+04 3.334595902066896045e+00 -8.777926521719708886e-01 3.385442153656467116e-03 2.215647556132230041e-06
6.042970804398148175e+04 -1.321566765003681976e+00 3.121560171113473281e+00 -2.696368673456315656e-03 1.958501212576216315e-06
6.042943942129629431e+04 3.613849581932569333e+00 8.701875425966022481e-01 4.818004846792525719e-03 2.155459801011347831e-06
6.043059084490740497e+04 4.560694722354220687e+00 1.442394760616060534e+00 -3.706619407821509066e-04 2.187817667188646804e-06
6.043044758101851767e+04 -1.224656192395937593e+00 3.002297193528404406e+00 -2.045370765770191095e-03 2.015719299777609966e-06
6.042947971064814919e+04 3.692274025225530831e+00 -8.079912991582478554e-01 5.450978691844570768e-03 1.827248285332269617e-06
6.042976214120370423e+04 3.821040593765437254e+00 -7.004639227464344309e-01 6.483706325460079564e-03 2.055801724900673194e-06
6.042979795138888585e+04 3.479940635312020358e+00 -6.724494282659010391e-01 4.440711980867088036e-03 1.916189844395008281e-06
6.042956925925926043e+04 -1.740023922214460894e+00 4.924778033529798371e+00 -5.176131850277340338e-03 1.798991656713057603e-06
6.042922004629629373e+04 4.604397592295669028e+00 6.417129290276085696e-01 7.962810773932696429e-03 1.982792720135628771e-06
6.042995466435185517e+04 -1.385961202186788643e+00 4.668575031872130410e+00 -3.120377233401598963e-03 2.100617198135408989e-06
6.042932749999999942e+04 -1.317042740752542906e+00 3.211964834589216888e+00 -2.939537912447184528e-03 1.971555553775660173e-06
6.042942151620370714e+04 3.536883457114048834e+00 -7.148454624214085618e-01 4.486833544251853621e-03 2.058514277006628329e-06
6.042957373842592642e+04 4.469495917973668853e+00 3.798893887327752239e-01 9.625025256107462221e-03 1.784049577672491583e-06
6.042990092592592555e+04 4.515387460552993559e+00 4.397341525445865318e-01 9.418956454557182723e-03 1.877389785906247875e-06
6.042991436342592351e+04 4.579905726588269665e+00 1.387042661634403151e+00 -2.017154487817295950e-04 2.292798598963779167e-06
6.043046100694444613e+04 -1.529773228287982345e+00 4.795337232903221114e+00 -3.934412931732236482e-03 1.888756556858464273e-06
6.042929615740740701e+04 4.463157490506260316e+00 2.071730915442195009e+00 9.598791723317843735e-03 1.955189079437288191e-06
6.043032221064814803e+04 -5.615780903616548470e-01 5.045320518659663911e+00 -1.050249274646922540e-02 5.240342039682817490e-05
6.042915737268518569e+04 2.218299538978339758e+00 -1.141155254360659788e+00 9.333758764550142972e-03 1.442382598296442186e-06
6.042959612268518686e+04 4.884339511062373518e+00 1.321958722010802445e+00 1.029468575987093704e-03 2.532984251633140058e-06
6.043011583333333692e+04 -1.721837034287909907e+00 4.888996786978577980e+00 -5.179741057565293537e-03 1.696703058722351466e-06
6.042922900462963298e+04 4.234999305705588135e+00 1.333848030350560210e+00 9.065143297746495327e-03 1.620937925024510644e-06
6.043024162037036876e+04 4.683491702957407021e+00 1.065762422601045589e+00 6.325361715338882794e-04 2.212668222610027341e-06
6.043002628472222568e+04 -1.321133438219499023e+00 3.239989316710676359e+00 -3.028130918270511250e-03 2.022057053233015421e-06
6.042941703703703388e+04 -1.284885176909400073e+00 3.263486502754394891e+00 -2.739772085088426450e-03 1.984438500930848034e-06
6.042940807870370190e+04 -1.619719875642837259e+00 4.854183239305111641e+00 -4.423943854811212759e-03 1.798081369989119185e-06
6.042927377314814657e+04 1.069641051488585265e-02 -6.790104571797106470e-01 -2.602413316084087758e-03 1.094328244151251089e-06
6.042867670138888934e+04 5.414916303144402754e+00 1.440826189542487201e+00 2.583911826606937346e-03 1.881312386722590178e-05
6.043019685185185517e+04 4.590197559359826762e+00 1.359362987463549111e+00 1.229217497272208550e-05 2.308053687732336433e-06
6.043046996527777810e+04 5.024469804522841088e+00 2.327179136096324985e+00 1.834384127478513307e-03 2.772115159784158683e-06
6.043017851851852174e+04 4.400388927398062755e+00 1.987899767617805402e+00 9.764969429129579173e-03 1.831635543816646739e-06
6.043029086805555562e+04 -1.637586510178814958e+00 4.858007070319577458e+00 -4.390325971584018577e-03 1.797498175412403182e-06
6.042926929398148059e+04 2.998911219064290812e+00 5.947373972786896834e-01 2.600079007429641903e-03 4.481868230124559135e-06
6.042952001157407358e+04 -2.269783057648848690e+00 4.984062299948091024e+00 -9.389994198852289267e-03 1.647101276048631809e-06
6.042918422453703533e+04 4.933930601698897078e+00 1.346852024172138451e+00 1.270104836275246733e-03 2.730528895203866690e-06
6.043013373842592409e+04 3.449865150344071374e+00 8.762549682156721698e-01 3.892626261095522532e-03 2.388737478922586907e-06
6.043058636574073898e+04 -1.124964636018304542e+00 2.949035577618405402e+00 -1.592135290094015380e-03 2.061451394634149587e-06
6.042950209490740963e+04 4.836848865727439772e+00 1.275923876396695800e+00 9.881258214483937524e-04 2.415824192321501416e-06
6.043009792824074248e+04 4.697618782585808006e+00 1.142710071644131187e+00 6.172105621994799845e-04 2.243241069977858644e-06
6.043004866898147884e+04 -1.718203192702460358e+00 4.879911104400664890e+00 -5.153039367748224117e-03 1.691279941169084067e-06
6.042923795138888818e+04 -1.260426763789891380e+00 3.450918498186382077e+00 -2.595999962946104675e-03 2.082573716795961228e-06
6.042937226851852029e+04 4.816989485057006526e+00 1.201271898575609454e+00 7.830578603020873617e-04 2.507241973249516008e-06
6.043051025462963298e+04 4.535783924637739162e+00 8.960249293372736235e-01 5.875757995105078315e-04 2.077288719895492390e-06
6.042997256944444234e+04 -1.307936070730198574e+00 3.162074283355212678e+00 -2.769601686458944383e-03 1.974194023128666535e-06
6.042943046296296234e+04 4.677016252036643174e+00 1.042466363250154293e+00 6.653180789694748687e-04 2.226357491190418555e-06
6.043002181712962920e+04 -1.251918351191521506e+00 3.038333094025568837e+00 -2.420980312289675550e-03 1.973169818356702099e-06
6.042946180555555475e+04 4.538627333751989568e+00 9.130827523203527418e-01 5.373157173927382195e-04 2.091194667928337326e-06
6.042997703703703883e+04 2.883232427255653096e+00 -9.184383933626896201e-01 1.573768348028814880e-03 2.175613320225578860e-06
6.042962745370370249e+04 4.690470660435615002e+00 1.105899266226121780e+00 5.605335626946652714e-04 2.252554421890826649e-06
6.043003972222222365e+04 4.449747216238765901e+00 2.063132787761797093e+00 9.659343259955047861e-03 1.842947791744303735e-06
6.043032668981481402e+04 3.397655624571731092e+00 -8.650942361094307032e-01 3.650385582307518091e-03 2.209194727613254388e-06
6.042971700231481373e+04 3.651411534960918637e+00 -8.362875225899352172e-01 5.153155509109546596e-03 2.208853761944535777e-06
6.042975766203703824e+04 3.232352721931035511e+00 -5.752647434689099892e-01 3.121695908652884991e-03 2.167563935848673593e-06
6.042953791666666802e+04 4.612612838791013914e+00 1.318656872726204687e+00 -5.736594322759016153e-04 2.600310475605085078e-06
6.043047892361111008e+04 3.888314285750936072e+00 8.878946595635843764e-01 6.454227778310680542e-03 2.263127413511566186e-06
6.043061770833333139e+04 -1.309358692168673288e+00 3.139747859042913092e+00 -2.722149304605234795e-03 1.982707147643041021e-06
6.042943494212962833e+04 -1.266167092160501051e+00 3.396181110950768467e+00 -2.615811749508953604e-03 2.054254847133437939e-06
6.042938121527777548e+04 -1.262259204258424639e+00 3.504588974777428145e+00 -2.584102496230809929e-03 2.111074107146095593e-06
6.042936331018518831e+04 3.204055593192858709e+00 -8.816576579689572313e-01 2.512152518826840999e-03 2.276339937347329298e-06
6.042969013888888730e+04 4.738548767753365532e+00 1.161827971600681630e+00 3.984752895304406067e-04 2.534617899590633609e-06
6.043056846064814454e+04 4.548879347012579011e+00 4.521977716665921410e-01 9.590759226136303175e-03 1.994740274262929107e-06
6.042991884259258950e+04 5.029115818589669828e+00 1.414574439201196743e+00 1.483194004471888316e-03 3.057510192100806313e-06
6.043016956018518249e+04 4.505286361965988640e+00 1.509255305505009082e+00 -8.430188998817683427e-04 2.244886494922137050e-06
6.043042518518518773e+04 3.171460282728135738e+00 -8.813034311548804123e-01 2.458253950889262383e-03 2.222405509206129353e-06
6.042968565972222132e+04 3.790034717210058357e+00 -7.168569566671691984e-01 6.215156443521217475e-03 2.125113158948142287e-06
6.042979347222221986e+04 4.637508301888356499e+00 1.027139980392080432e+00 -5.817343520803860697e-05 2.306364358336553447e-06
6.043000837962963124e+04 4.794498998150265479e+00 1.237442843231895351e+00 7.102283345463024757e-04 2.369950767960145296e-06
6.043008002314814803e+04 6.556888990800811001e-01 -7.207766153303158951e-01 5.563473101778867438e-04 1.617101929269193692e-06
6.042869932870370394e+04 3.338751138326187640e+00 -6.267809399491794942e-01 3.730006212001941296e-03 2.166332417026930224e-06
6.042955134259258921e+04 3.489539300387847209e+00 -8.741527917473975728e-01 4.306639301134753545e-03 2.170951458539767447e-06
6.042972594907407620e+04 3.954199285336191583e+00 -6.629805753056743356e-01 7.727724870293541277e-03 2.050999636186705423e-06
6.042981138888889109e+04 3.572499894121355712e+00 -8.563097635618828196e-01 4.847851246712805810e-03 2.117934665322274803e-06
6.042973975694444380e+04 4.600199795307488237e+00 9.725038273564274860e-01 7.401786998454954391e-04 2.149705724871352478e-06
6.042999943287036876e+04 -1.807455758234710830e+00 4.903370709169101005e+00 -5.624951113373933935e-03 1.591137487411768162e-06
6.042920660879629577e+04 3.688500883827386279e+00 8.834448832607735280e-01 5.257419492038498642e-03 2.604338455353217020e-06
6.043059532407407096e+04 4.620566635616519591e+00 9.956045208442761973e-01 5.415603990164502644e-04 2.167927287732395525e-06
6.043000390046296525e+04 4.120690882139275146e+00 -3.869771631573202808e-01 9.704043461715335106e-03 1.742991569949428106e-06
6.042983377314815152e+04 3.144542163269809176e+00 -5.153322983431132265e-01 2.483373242180086839e-03 2.227964392579142787e-06
6.042952895833333605e+04 3.461290440159679793e+00 1.228568013574448559e+00 3.698667359345159198e-03 2.164152610130490300e-06
6.043021476851851912e+04 3.866124136251735788e+00 8.641324474078032614e-01 6.430567988771927063e-03 1.988836571624700473e-06
6.043060874999999942e+04 4.535830894954606229e+00 2.023313914612048681e+00 9.821684524787984566e-03 2.187039137273246020e-06
6.043035803240740643e+04 4.709925861152117754e+00 1.119863599602068494e+00 6.783095764343639866e-04 2.256644151944882920e-06
6.043004420138888963e+04 -1.452839107951237718e+00 4.725227134903697390e+00 -3.592760477775942471e-03 1.993213863886369822e-06
6.042931854166666744e+04 4.120777356114290413e+00 -5.010362747604175659e-01 9.677282727721553748e-03 1.710465603389956209e-06
6.042982929398147826e+04 4.832966424557211482e+00 -8.182802785970999526e-01 -4.980056681340283955e-04 3.471154258644895598e-05
6.042958268518518162e+04 -1.559681435453315723e+00 4.823292633747691127e+00 -4.198213840244296134e-03 1.860976954538187259e-06
6.042928719907407503e+04 4.776256998244320151e+00 1.243618999392212654e+00 5.073899848540746119e-04 2.319382214275296129e-06
6.043007554398148204e+04 -7.701324689723389183e-02 -2.367058477258081328e-01 -6.050348658526090093e-03 3.575569919384969481e-05
6.042862962962962774e+04 4.331748721982978445e+00 1.308580711402298702e+00 9.695133089544814148e-03 1.944831930481259972e-06
6.043025057870370074e+04 3.732861648467499460e+00 -7.482119439554525409e-01 5.795502339705130464e-03 1.936980510806246691e-06
6.042978004629629868e+04 -6.730326263944939047e-01 -8.185479293751819485e-01 -9.507178453813401381e-04 1.668389650749618573e-06
6.042865879629629490e+04 -2.504059838877534805e-01 -8.350092721134448892e-01 1.085102249343818494e-03 1.100735761478157005e-06
6.042866775462962687e+04 3.444289619474485420e+00 -8.760354238851219000e-01 3.910232221769120893e-03 2.186004175984643102e-06
6.042972148148147971e+04 3.606013513643194113e+00 -7.273148066888619478e-01 4.988865137927205561e-03 1.810255312499793220e-06
6.042957820601851563e+04 4.697678690108166855e+00 1.093652139625290509e+00 6.226051617997841077e-04 2.242078169037172887e-06
6.043003524305555766e+04 3.383540270547650941e+00 -6.597370328097967862e-01 3.742845639663464844e-03 2.286859040483316301e-06
6.042955582175926247e+04 4.289141745533536998e+00 1.359124438262778733e+00 9.398603114129010228e-03 1.657583882573252202e-06
6.043024609953703475e+04 2.483551695602084664e+00 -1.139409306284472345e+00 9.663819394023963338e-03 1.635794676887470757e-06
6.042960059027777606e+04 -2.645917272163510248e+00 4.709158105216884493e+00 -7.890780430761387080e-04 2.168672656093315505e-06
6.042917079861111415e+04 3.296649316828205389e+00 -6.211241454870571888e-01 3.363786556215008633e-03 2.110998909829249864e-06
6.042954687500000000e+04 4.501843431048174082e+00 2.060418984970267431e+00 9.576414192316128407e-03 1.952399943677912699e-06
6.043034907407407445e+04 4.210764233244144172e-01 -6.708650474772756001e-01 -4.231291142550490597e-04 1.285557387147804631e-06
6.042869037037037197e+04 4.039707205802963053e+00 -6.106329404729533561e-01 8.693512917325396661e-03 2.195750862450399666e-06
6.042982481481481227e+04 4.338237626438792738e+00 2.098034848904989647e-01 1.039196710202400058e-02 1.847428835096585237e-06
6.042987406249999913e+04 3.330032796671690498e+00 -8.934030173971659883e-01 3.280222054596324596e-03 2.229179422876350321e-06
6.042970356481481576e+04 4.499048159928919155e+00 1.531999789444104865e+00 -1.008573528778788355e-03 2.237332031067372570e-06
6.043041623842592526e+04 4.403349851353391742e+00 1.925414444178091156e+00 1.002152183663754074e-02 1.851399648081092144e-06
6.043028192129629315e+04 4.558349569144563240e+00 1.447999479907683629e+00 -2.585673669750506820e-04 2.297716911304231870e-06
6.043043862268518569e+04 3.828851510320832485e+00 1.262190641238819522e+00 6.012109637048894395e-03 1.807162328162140494e-06
6.043022371527777432e+04 4.263671473672948409e+00 1.827931915805638963e-01 9.879116331846524504e-03 1.921088744018234028e-06
6.042986511574074393e+04 2.903040100407454194e+00 -8.897414461034244271e-01 1.583485346113607103e-03 2.197970296660314906e-06
6.042964089120370045e+04 4.507464978096112240e+00 8.855307856548472190e-01 4.725547746035410070e-04 2.048658319002232427e-06
6.042996809027777635e+04 -1.312896075034822641e+00 3.192684753713105117e+00 -2.878825965391369496e-03 1.949156218847061862e-06
6.042942598379629635e+04 -1.602533362043700338e+00 4.834993198639338630e+00 -4.394966690160487070e-03 1.798074735944217832e-06
6.042928271990740905e+04 5.496642213592519699e-01 -7.205973856556435742e-01 -2.017211658385330124e-04 1.798618378056994293e-06
6.042869484953703795e+04 4.944371472022767833e+00 1.364709493812008123e+00 1.172550656681102142e-03 2.575251818883480840e-06
6.043013821759259008e+04 4.740522991817005760e+00 1.166277397262536208e+00 3.314995410121577266e-04 2.509258608177666475e-06
6.043055950231481256e+04 -1.265989670407389633e+00 3.407419113225652829e+00 -2.488713414601090041e-03 2.090919535141911892e-06
